5510.0 0.0035815311
5515.0 0.0043915767
5520.0 0.0053512709
5525.0 0.0065637000
5530.0 0.0078954141
5535.0 0.0095329559
5540.0 0.0115138928
5545.0 0.0136696070
5550.0 0.0162634817
5555.0 0.0193330422
5560.0 0.0226180646
5565.0 0.0265666960
5570.0 0.0308565460
5575.0 0.0357737335
5580.0 0.0413082728
5585.0 0.0471190320
5590.0 0.0537888224
5595.0 0.0612168247
5600.0 0.0687169656
5605.0 0.0774056486
5610.0 0.0864129303
5615.0 0.0959053937
5620.0 0.1065316595
5625.0 0.1171401816
5630.0 0.1287047599
5635.0 0.1408844763
5640.0 0.1526941142
5645.0 0.1656839155
5650.0 0.1790148927
5655.0 0.1924257048
5660.0 0.2067050961
5665.0 0.2202307530
5670.0 0.2348445669
5675.0 0.2496125863
5680.0 0.2635759404
5685.0 0.2787425294
5690.0 0.2939200312
5695.0 0.3071585885
5700.0 0.3219882742
5705.0 0.3361107864
5710.0 0.3499870986
5715.0 0.3646023991
5720.0 0.3776734524
5725.0 0.3908558722
5730.0 0.4039984630
5735.0 0.4162202529
5740.0 0.4287848447
5745.0 0.4404720935
5750.0 0.4516950709
5755.0 0.4631022493
5760.0 0.4735748244
5765.0 0.4835664595
5770.0 0.4936324773
5775.0 0.5028197962
5780.0 0.5120470611
5785.0 0.5202270107
5790.0 0.5285371062
5795.0 0.5362502673
5800.0 0.5435908141
5805.0 0.5502441967
5810.0 0.5570654519
5815.0 0.5632736125
5820.0 0.5689393353
5825.0 0.5745757327
5830.0 0.5796473321
5835.0 0.5844427253
5840.0 0.5885090168
5845.0 0.5929766796
5850.0 0.5967792522
5855.0 0.6003831057
5860.0 0.6039480531
5865.0 0.6074202693
5870.0 0.6101129944
5875.0 0.6127803067
5880.0 0.6153871064
5885.0 0.6175553177
5890.0 0.6197131101
5895.0 0.6215944238
5900.0 0.6233062148
5905.0 0.6245978765
5910.0 0.6262096614
5915.0 0.6272152442
5920.0 0.6287050154
5925.0 0.6293951771
5930.0 0.6300447696
5935.0 0.6311743025
5940.0 0.6317693558
5945.0 0.6324556611
5950.0 0.6326957174
5955.0 0.6328829238
5960.0 0.6330951405
5965.0 0.6333398599
5970.0 0.6334323072
5975.0 0.6335989574
5980.0 0.6332449282
5985.0 0.6330666620
5990.0 0.6329093205
5995.0 0.6326004773
6000.0 0.6322009899
6005.0 0.6318056904
6010.0 0.6311085820
6015.0 0.6307300778
6020.0 0.6304568836
6025.0 0.6293633328
6030.0 0.6288385112
6035.0 0.6281991284
6040.0 0.6271899859
6045.0 0.6265798787
6050.0 0.6253086323
6055.0 0.6245521767
6060.0 0.6239666398
6065.0 0.6227100716
6070.0 0.6216962446
6075.0 0.6207135517
6080.0 0.6198915406
6085.0 0.6183831513
6090.0 0.6172217658
6095.0 0.6161495138
6100.0 0.6150890827
6105.0 0.6137238546
6110.0 0.6124446120
6115.0 0.6115110842
6120.0 0.6098410096
6125.0 0.6089887987
6130.0 0.6074010923
6135.0 0.6061351974
6140.0 0.6044817022
6145.0 0.6034728260
6150.0 0.6019725048
6155.0 0.6003966550
6160.0 0.5988385206
6165.0 0.5981028836
6170.0 0.5960083013
6175.0 0.5945470534
6180.0 0.5929413684
6185.0 0.5914976819
6190.0 0.5899062515
6195.0 0.5881090732
6200.0 0.5871405287
6205.0 0.5856287900
6210.0 0.5836530212
6215.0 0.5821920454
6220.0 0.5805085694
6225.0 0.5787368971
6230.0 0.5769722716
6235.0 0.5754795060
6240.0 0.5735352959
6245.0 0.5719784867
6250.0 0.5705495815
6255.0 0.5686481581
6260.0 0.5672071735
6265.0 0.5652899786
6270.0 0.5633281514
6275.0 0.5615027749
6280.0 0.5596721720
6285.0 0.5580646570
6290.0 0.5560772943
6295.0 0.5544439558
6300.0 0.5524467800
6305.0 0.5508285918
6310.0 0.5486853913
6315.0 0.5468560605
6320.0 0.5451009419
6325.0 0.5431066927
6330.0 0.5413211155
6335.0 0.5394159916
6340.0 0.5373980075
6345.0 0.5355208110
6350.0 0.5334888620
6355.0 0.5315147878
6360.0 0.5298438929
6365.0 0.5279082558
6370.0 0.5259831855
6375.0 0.5239040934
6380.0 0.5219883234
6385.0 0.5199786918
6390.0 0.5182322341
6395.0 0.5164134677
6400.0 0.5143205480
6405.0 0.5125278518
6410.0 0.5105159684
6415.0 0.5086285180
6420.0 0.5065083794
6425.0 0.5047336675
6430.0 0.5027846466
6435.0 0.5007543552
6440.0 0.4987372925
6445.0 0.4967864439
6450.0 0.4946072000
6455.0 0.4926681214
6460.0 0.4903624777
6465.0 0.4888740591
6470.0 0.4864963868
6475.0 0.4846476083
6480.0 0.4823569689
6485.0 0.4802745562
6490.0 0.4783930681
6495.0 0.4761356825
6500.0 0.4741655225
6505.0 0.4719812550
6510.0 0.4695960910
6515.0 0.4675165114
6520.0 0.4651927208
6525.0 0.4632399073
6530.0 0.4606649021
6535.0 0.4587276825
6540.0 0.4562772462
6545.0 0.4544231421
6550.0 0.4519951527
6555.0 0.4496628769
6560.0 0.4476812871
6565.0 0.4453317563
6570.0 0.4432057098
6575.0 0.4410145400
6580.0 0.4388912238
6585.0 0.4368076818
6590.0 0.4343586298
6595.0 0.4325818421
6600.0 0.4305372117
6605.0 0.4282306016
6610.0 0.4260342578
6615.0 0.4241484071
6620.0 0.4219319608
6625.0 0.4199301318
6630.0 0.4177313846
6635.0 0.4156385812
6640.0 0.4137170676
6645.0 0.4117844655
6650.0 0.4095670042
6655.0 0.4076987095
6660.0 0.4055467929
6665.0 0.4035051933
6670.0 0.4015339347
6675.0 0.3994298940
6680.0 0.3973104784
6685.0 0.3953752581
6690.0 0.3932010719
6695.0 0.3912648424
6700.0 0.3890759442
6705.0 0.3870578943
6710.0 0.3849511800
6715.0 0.3828207982
6720.0 0.3808053473
6725.0 0.3787605929
6730.0 0.3765881208
6735.0 0.3744644161
6740.0 0.3721765176
6745.0 0.3698439365
6750.0 0.3677526243
6755.0 0.3655404566
6760.0 0.3634545885
6765.0 0.3613407249
6770.0 0.3590502068
6775.0 0.3567308887
6780.0 0.3544864861
6785.0 0.3522310517
6790.0 0.3500236406
6795.0 0.3476277085
6800.0 0.3454392565
6805.0 0.3431156393
6810.0 0.3409178354
6815.0 0.3385964817
6820.0 0.3363881899
6825.0 0.3340589381
6830.0 0.3317324588
6835.0 0.3294864146
6840.0 0.3272611232
6845.0 0.3250621999
6850.0 0.3227986902
6855.0 0.3204643776
6860.0 0.3182511313
6865.0 0.3160194047
6870.0 0.3136829899
6875.0 0.3115513238
6880.0 0.3092701773
6885.0 0.3072239589
6890.0 0.3051071982
6895.0 0.3029493584
6900.0 0.3006064487
6905.0 0.2983324604
6910.0 0.2964455568
6915.0 0.2943826514
6920.0 0.2921491430
6925.0 0.2900934046
6930.0 0.2877469557
6935.0 0.2855248098
6940.0 0.2837671467
6945.0 0.2814225286
6950.0 0.2793110850
6955.0 0.2773119028
6960.0 0.2751088929
6965.0 0.2729458455
6970.0 0.2709500368
6975.0 0.2689425203
6980.0 0.2668355705
6985.0 0.2646804758
6990.0 0.2626177424
6995.0 0.2604866565
7000.0 0.2584630223
7005.0 0.2562966052
7010.0 0.2541986321
7015.0 0.2520783025
7020.0 0.2501670735
7025.0 0.2479176822
7030.0 0.2460229689
7035.0 0.2439493186
7040.0 0.2418786974
7045.0 0.2399346410
7050.0 0.2377294248
7055.0 0.2358052974
7060.0 0.2338595190
7065.0 0.2317567893
7070.0 0.2297678301
7075.0 0.2278862118
7080.0 0.2257770916
7085.0 0.2238838178
7090.0 0.2218267508
7095.0 0.2199081113
7100.0 0.2180821852
7105.0 0.2162047262
7110.0 0.2142410881
7115.0 0.2122420855
7120.0 0.2102431734
7125.0 0.2085094753
7130.0 0.2066178842
7135.0 0.2048226596
7140.0 0.2030333965
7145.0 0.2009922008
7150.0 0.1993486830
7155.0 0.1974137509
7160.0 0.1954423759
7165.0 0.1938013532
7170.0 0.1918350640
7175.0 0.1901368363
7180.0 0.1884238745
7185.0 0.1867190578
7190.0 0.1848893895
7195.0 0.1832193447
7200.0 0.1813795697
7205.0 0.1797254379
7210.0 0.1779315697
7215.0 0.1763326411
7220.0 0.1745497682
7225.0 0.1729441636
7230.0 0.1712043781
7235.0 0.1694979951
7240.0 0.1678411065
7245.0 0.1662186063
7250.0 0.1645404923
7255.0 0.1629318652
7260.0 0.1613232695
7265.0 0.1596850035
7270.0 0.1581826034
7275.0 0.1564644483
7280.0 0.1548678395
7285.0 0.1534127025
7290.0 0.1518824682
7295.0 0.1503859278
7300.0 0.1488501422
7305.0 0.1470892652
7310.0 0.1456404439
7315.0 0.1441650097
7320.0 0.1426644741
7325.0 0.1412008901
7330.0 0.1396073442
7335.0 0.1380252728
7340.0 0.1366432445
7345.0 0.1351621115
7350.0 0.1336037369
7355.0 0.1322350096
7360.0 0.1307035265
7365.0 0.1292606524
7370.0 0.1277932962
7375.0 0.1262665993
7380.0 0.1249777162
7385.0 0.1234752274
7390.0 0.1219925334
7395.0 0.1206224003
7400.0 0.1191742831
7405.0 0.1177697702
7410.0 0.1163948872
7415.0 0.1149741404
7420.0 0.1136727418
7425.0 0.1122143416
7430.0 0.1108484131
7435.0 0.1094874682
7440.0 0.1082092321
7445.0 0.1067997665
7450.0 0.1055226757
7455.0 0.1042740925
7460.0 0.1029742113
7465.0 0.1017622393
7470.0 0.1004938065
7475.0 0.0992883898
7480.0 0.0980207548
7485.0 0.0966921898
7490.0 0.0956461838
7495.0 0.0944654616
7500.0 0.0932345688
7505.0 0.0921301070
7510.0 0.0910032174
7515.0 0.0898303680
7520.0 0.0887899541
7525.0 0.0876845481
7530.0 0.0866124807
7535.0 0.0854490397
7540.0 0.0845336529
7545.0 0.0833895703
7550.0 0.0822915562
7555.0 0.0813305409
7560.0 0.0803485645
7565.0 0.0791554270
7570.0 0.0781824635
7575.0 0.0772229260
7580.0 0.0762312040
7585.0 0.0752218905
7590.0 0.0742281837
7595.0 0.0733460729
7600.0 0.0722892664
7605.0 0.0712384301
7610.0 0.0704011325
7615.0 0.0693919756
7620.0 0.0684092671
7625.0 0.0674432166
7630.0 0.0665107388
7635.0 0.0656007259
7640.0 0.0647078241
7645.0 0.0637617223
7650.0 0.0628116560
7655.0 0.0619252996
7660.0 0.0609916798
7665.0 0.0601954420
7670.0 0.0592575970
7675.0 0.0584311356
7680.0 0.0575888394
7685.0 0.0567621587
7690.0 0.0559141351
7695.0 0.0551731669
7700.0 0.0543648848
7705.0 0.0535988580
7710.0 0.0528512534
7715.0 0.0520173045
7720.0 0.0512484953
7725.0 0.0505356235
7730.0 0.0498353710
7735.0 0.0491010656
7740.0 0.0483873908
7745.0 0.0476958154
7750.0 0.0469671421
7755.0 0.0463382140
7760.0 0.0456360035
7765.0 0.0449373526
7770.0 0.0442679830
7775.0 0.0436474368
7780.0 0.0429864080
7785.0 0.0422921501
7790.0 0.0416544869
7795.0 0.0411058521
7800.0 0.0404368925
7805.0 0.0397791780
7810.0 0.0391957800
7815.0 0.0386378399
7820.0 0.0380112985
7825.0 0.0374667596
7830.0 0.0368506621
7835.0 0.0362224336
7840.0 0.0356967585
7845.0 0.0350746143
7850.0 0.0346022033
7855.0 0.0340308853
7860.0 0.0334987510
7865.0 0.0328953729
7870.0 0.0324078713
7875.0 0.0318518014
7880.0 0.0313713347
7885.0 0.0308481126
7890.0 0.0302853894
7895.0 0.0298141570
7900.0 0.0294179069
7905.0 0.0289073752
7910.0 0.0284346718
7915.0 0.0279653877
7920.0 0.0275306045
7925.0 0.0270774164
7930.0 0.0265889287
7935.0 0.0262179807
7940.0 0.0257967886
7945.0 0.0253373845
7950.0 0.0249827345
7955.0 0.0245052658
7960.0 0.0241226090
7965.0 0.0236938954
7970.0 0.0233176577
7975.0 0.0229270281
7980.0 0.0225640828
7985.0 0.0221943989
7990.0 0.0218411096
7995.0 0.0208959520
8000.0 0.0205248694
8005.0 0.0201700351
8010.0 0.0199214370
8015.0 0.0196042257
8020.0 0.0192520842
8025.0 0.0189834508
8030.0 0.0186134879
8035.0 0.0182416698
8040.0 0.0180536689
8045.0 0.0177321430
8050.0 0.0174751241
8055.0 0.0170717904
8060.0 0.0167379597
8065.0 0.0165141052
8070.0 0.0162992780
8075.0 0.0160400425
8080.0 0.0157547044
8085.0 0.0154329664
8090.0 0.0151376182
8095.0 0.0149104232
8100.0 0.0146521523
8105.0 0.0144047593
8110.0 0.0141572026
8115.0 0.0139089111
8120.0 0.0137276948
8125.0 0.0133561898
8130.0 0.0131767118
8135.0 0.0130145410
8140.0 0.0127478356
8145.0 0.0125242778
8150.0 0.0122510197
8155.0 0.0120691361
8160.0 0.0118507523
8165.0 0.0116722539
8170.0 0.0114517655
8175.0 0.0112967232
8180.0 0.0110185034
8185.0 0.0107366982
8190.0 0.0106356001
8195.0 0.0103807962
8200.0 0.0102612179
8205.0 0.0100325952
8210.0 0.0098156318
8215.0 0.0097482307
8220.0 0.0094660940
8225.0 0.0093376628
8230.0 0.0092052541
8235.0 0.0089009775
8240.0 0.0088166382
8245.0 0.0086368966
8250.0 0.0084726778
8255.0 0.0083190317
8260.0 0.0081758559
8265.0 0.0079898279
8270.0 0.0078259046
8275.0 0.0076940521
8280.0 0.0075470241
8285.0 0.0074601624
8290.0 0.0072883145
8295.0 0.0071203045
8300.0 0.0070426544
8305.0 0.0068792667
8310.0 0.0067438025
8315.0 0.0066662379
8320.0 0.0064855531
8325.0 0.0062874683
8330.0 0.0063120839
8335.0 0.0061574930
8340.0 0.0059592803
8345.0 0.0058681075
8350.0 0.0057805601
8355.0 0.0056608997
8360.0 0.0055870166
8365.0 0.0054492245
8370.0 0.0053740788
8375.0 0.0052509020
8380.0 0.0051698211
8385.0 0.0050445875
8390.0 0.0050164094
8395.0 0.0048034503
8400.0 0.0047564528
8405.0 0.0046333915
8410.0 0.0045608100
8415.0 0.0045149243
8420.0 0.0044075398
8425.0 0.0043340986
8430.0 0.0042470130
8435.0 0.0041513146
8440.0 0.0040781742
8445.0 0.0040083814
8450.0 0.0038818969
8455.0 0.0038052964
8460.0 0.0037285759
8465.0 0.0036416910
8470.0 0.0036411312
8475.0 0.0035413385
8480.0 0.0034429279
8485.0 0.0033964602
8490.0 0.0032924800
8495.0 0.0032242939
8500.0 0.0031235118
8505.0 0.0030822069
8510.0 0.0030011311
8515.0 0.0030320786
8520.0 0.0030040460
8525.0 0.0028838713
8530.0 0.0027925933
8535.0 0.0027257640
8540.0 0.0027357853
8545.0 0.0026987247
8550.0 0.0025872084
8555.0 0.0025004067
8560.0 0.0024896787
8565.0 0.0024391665
8570.0 0.0023873740
8575.0 0.0023486332
8580.0 0.0022110805
8585.0 0.0021894895
8590.0 0.0022601890
8595.0 0.0021246968
8600.0 0.0021054261
8605.0 0.0020457174
8610.0 0.0020474282
8615.0 0.0020047599
8620.0 0.0019244108
8625.0 0.0018413057
8630.0 0.0018969933
8635.0 0.0018076485
8640.0 0.0017670040
8645.0 0.0017502249
8650.0 0.0017299510
8655.0 0.0016904752
8660.0 0.0016127144
8665.0 0.0016091698
